RNA sequence name       # of nts    MFE ILP     MFE ARCHIVE MFE RNAstr  F1 ARCHIVE  F1 RNAstr   Fb ARCHIVE  Fb RNAstr
srp_Acin.spec._CR543861	47          -18.17  	-14.30    	-14.30    	0.67      	0.67      	0.70      	0.70      
srp_Baci.amyl._CP000560	30          -7.43   	-5.00     	-5.00     	1.00      	1.00      	1.00      	1.00      
srp_Baci.subt._X06803	53          -10.38  	-8.00     	-8.40     	0.88      	0.96      	0.82      	0.93      
srp_Bdel.bact._BX842656	56          -16.86  	-7.80     	-12.20    	0.27      	0.37      	0.35      	0.40      
srp_Brad.japo._BA000040	33          -10.74    	-10.00    	-10.80    	1.00      	0.00      	1.00      	0.00      
srp_Brad.spec._CP000494	33          -10.74    	-10.00    	-10.80    	1.00      	0.00      	1.00      	0.00      
srp_Bruc.abor._AE017223	33          -10.74    	-10.00    	-10.80    	1.00      	0.00      	1.00      	0.00      
srp_Camp.jeju._AL139074	36          -9.84     	-8.70     	-8.70     	1.00      	1.00      	1.00      	1.00      
srp_Carb.hydr._CP000141	36          -8.57     	-3.80     	-7.70     	0.88      	0.93      	0.88      	0.97      
srp_Cory.glut._AP009044	52          -18.88    	-5.00     	-17.80    	0.00      	0.96      	0.00      	0.98      
srp_Cory.glut._BA000036	52          -24.14    	-5.00     	-21.50    	0.00      	0.83      	0.00      	0.85      
srp_Crit.luci._AY781798	58          -19.47    	0.00      	-16.50    	0.00      	0.31      	0.00      	0.31      
srp_Dein.geot._CP000359	32          -10.66    	-8.70     	-9.70     	1.00      	0.00      	1.00      	0.00      
srp_Erwi.caro._BX950851	30          -10.50    	-8.60     	-8.60     	1.00      	1.00      	1.00      	1.00      
srp_Ferv.nodo._CP000771	35          -10.74    	-10.00    	-10.80    	0.93      	0.00      	0.97      	0.00      
srp_Geob.uran._CP000698	33          -10.48    	-8.30     	-8.30     	0.43      	0.43      	0.47      	0.47      
srp_Haem.infl._L42023	32          -9.86     	-8.60     	-9.70     	0.93      	0.00      	0.97      	0.00      
srp_Kine.radi._CP000750	53          -26.32    	-7.40     	-24.50    	0.00      	0.80      	0.00      	0.83      
srp_Lact.brev._CP000416	55          -16.16    	-5.90     	-10.60    	0.21      	0.18      	0.26      	0.19      
srp_Lact.lact._AM406671	36        	-7.41     	-2.70     	-6.90     	0.00      	0.94      	0.00      	0.98      
srp_Lact.lact._CP000425	36        	-7.41     	-2.70     	-6.90     	0.00      	0.94      	0.00      	0.98      
srp_Lact.sali._CP000233	31        	-8.57     	-7.70     	-7.70     	1.00      	1.00      	1.00      	1.00      
srp_Leis.aeth._AY722730	58        	-18.82    	0.00      	-17.20    	0.00      	0.84      	0.00      	0.84      
srp_List.wels._AM263198	30        	-7.43     	-5.00     	-5.00     	1.00      	1.00      	1.00      	1.00      
srp_Magn.magn._AP007255	58        	-21.55    	-8.60     	-16.40    	0.52      	0.29      	0.61      	0.29      
srp_Meth.vann._CP000742	36        	-14.01    	-7.70     	-10.30    	0.82      	1.00      	0.85      	1.00      
